65083

2124

18770

27636

42961

20703

32248

53269

54477

44582

28867

59275

63659

51481

30023

28597

56166

52001

33230

47055

32233

36256

52975

14878

8217

63359

4293

14782

17471

3935

37117

51291

1828

36879

17945

10935

50893

15689

57566

59006

28014

51278

57534

65268

15359

57393

38209

19064

8602

35675

17734

37138

6952

15637

15378

26217

52158

52441

11841

21755

16177

25334

6760

1745

19871

58531

36594

20709

44959

37595

61684

20357

36315

10215

37442

32721

30671

47974

54081

24168

34888

39085

18119

59098

24023

21378

51925

1046

9024

9450

63000

63332

44083

25578

64973

21095

52971

23474

52334

42009

13318

15704

3338

65013

13542

15427

15211

16105

40120

2250

8128

11919

22389

3372

6151

39518

21693

51299

35347

49235

42366

44682

48881

56129

20475

42270

46437

58635

19271

21762

34444

4537

13840

42307

43372

47261

42443

15466

45873

36582

40782

18670

60768

51355

45677

58319

60405

38400

55526

57870

